0.000000000000000000e+00 0.000000000000000000e+00
6.123233995736766243e-14 1.000000000000000000e+03
-8.660254037844384811e+02 5.000000000000003411e+02
-8.660254037844388222e+02 -4.999999999999997158e+02
-1.836970198721029747e-13 -1.000000000000000000e+03
8.660254037844383674e+02 -5.000000000000004547e+02
8.660254037844390496e+02 4.999999999999992610e+02
1.020538999289460988e-14 1.666666666666666572e+02
2.041077998578922291e-14 3.333333333333333712e+02
3.061616997868383121e-14 5.000000000000000000e+02
4.082155997157843952e-14 6.666666666666666288e+02
5.102694996447305413e-14 8.333333333333333712e+02
-1.555427542095636682e+02 9.878291611472620843e+02
-3.273268353539884288e+02 9.449111825230681916e+02
-4.999999999999997158e+02 8.660254037844387085e+02
-6.546536707079768576e+02 7.559289460184547806e+02
-7.777137710478187955e+02 6.286185570937124112e+02
-3.061616997868382490e-14 -1.666666666666666572e+02
-6.123233995736766243e-14 -3.333333333333333712e+02
-9.184850993605148733e-14 -5.000000000000000000e+02
-1.224646799147352996e-13 -6.666666666666666288e+02
-1.530808498934191624e-13 -8.333333333333333712e+02
-7.777137710478191366e+02 -6.286185570937119564e+02
-6.546536707079773123e+02 -7.559289460184543259e+02
-5.000000000000002274e+02 -8.660254037844385948e+02
-3.273268353539888267e+02 -9.449111825230679642e+02
-1.555427542095639524e+02 -9.878291611472619707e+02
-1.443375672974064514e+02 -8.333333333333328596e+01
-2.886751345948129597e+02 -1.666666666666666003e+02
-4.330127018922194111e+02 -2.499999999999998579e+02
-5.773502691896258057e+02 -3.333333333333331439e+02
-7.216878364870324276e+02 -4.166666666666664582e+02
1.443375672974064798e+02 8.333333333333320070e+01
2.886751345948130165e+02 1.666666666666664298e+02
4.330127018922195248e+02 2.499999999999996305e+02
5.773502691896259194e+02 3.333333333333328028e+02
7.216878364870326550e+02 4.166666666666660603e+02
-9.332565252573825774e+02 3.592106040535501847e+02
-9.819805060619656842e+02 1.889822365046138941e+02
-1.000000000000000000e+03 3.525431591703200407e-13
-9.819805060619657979e+02 -1.889822365046132688e+02
-9.332565252573828047e+02 -3.592106040535495026e+02
-1.443375672974063946e+02 8.333333333333338544e+01
-2.886751345948128460e+02 1.666666666666667993e+02
-4.330127018922192406e+02 2.500000000000001705e+02
-5.773502691896255783e+02 3.333333333333335418e+02
-7.216878364870320866e+02 4.166666666666669698e+02
1.555427542095635260e+02 -9.878291611472620843e+02
3.273268353539883151e+02 -9.449111825230681916e+02
4.999999999999996589e+02 -8.660254037844388222e+02
6.546536707079767439e+02 -7.559289460184548943e+02
7.777137710478186818e+02 -6.286185570937125249e+02
9.332565252573825774e+02 -3.592106040535502984e+02
9.819805060619656842e+02 -1.889822365046141783e+02
1.000000000000000000e+03 -6.730369402342474101e-13
9.819805060619657979e+02 1.889822365046128141e+02
9.332565252573830321e+02 3.592106040535491047e+02
1.443375672974063662e+02 -8.333333333333339965e+01
2.886751345948127891e+02 -1.666666666666668277e+02
4.330127018922191837e+02 -2.500000000000002274e+02
5.773502691896254646e+02 -3.333333333333335986e+02
7.216878364870320866e+02 -4.166666666666670835e+02
1.555427542095639240e+02 9.878291611472619707e+02
3.273268353539888835e+02 9.449111825230679642e+02
5.000000000000003411e+02 8.660254037844383674e+02
6.546536707079775397e+02 7.559289460184540985e+02
7.777137710478194776e+02 6.286185570937115017e+02
-1.666666666666666003e+02 2.886751345948128460e+02
-1.636634176769942144e+02 4.724555912615340389e+02
-1.601281538050870381e+02 6.471502289294339789e+02
-1.574851970871779088e+02 8.183170883849711572e+02
-3.273268353539884288e+02 3.779644730092273335e+02
-3.333333333333332007e+02 5.773502691896256920e+02
-3.311330892662607539e+02 7.647191129018724496e+02
-4.803844614152612280e+02 4.622501635210244331e+02
-4.966996338993912445e+02 6.691292237891385639e+02
-6.299407883487117488e+02 5.455447255899809988e+02
-3.333333333333333144e+02 1.121728233723745641e-13
-4.909902530309828421e+02 9.449111825230697548e+01
-6.405126152203484935e+02 1.849000654084099438e+02
-7.874259854358898565e+02 2.727723627949906700e+02
-4.909902530309828990e+02 -9.449111825230666284e+01
-6.666666666666666288e+02 2.243456467447491283e-13
-8.278327231656521690e+02 9.558988911273434042e+01
-6.405126152203486072e+02 -1.849000654084094890e+02
-8.278327231656522827e+02 -9.558988911273377198e+01
-7.874259854358900839e+02 -2.727723627949902152e+02
-1.666666666666667425e+02 -2.886751345948127891e+02
-3.273268353539886562e+02 -3.779644730092271629e+02
-4.803844614152615691e+02 -4.622501635210240920e+02
-6.299407883487119761e+02 -5.455447255899806578e+02
-1.636634176769943849e+02 -4.724555912615340389e+02
-3.333333333333334849e+02 -5.773502691896255783e+02
-4.966996338993914719e+02 -6.691292237891381092e+02
-1.601281538050872371e+02 -6.471502289294339789e+02
-3.311330892662610381e+02 -7.647191129018722222e+02
-1.574851970871781361e+02 -8.183170883849711572e+02
1.666666666666665435e+02 -2.886751345948129028e+02
1.636634176769941575e+02 -4.724555912615341526e+02
1.601281538050869528e+02 -6.471502289294339789e+02
1.574851970871778235e+02 -8.183170883849712709e+02
3.273268353539883719e+02 -3.779644730092274472e+02
3.333333333333330870e+02 -5.773502691896258057e+02
3.311330892662606402e+02 -7.647191129018724496e+02
4.803844614152611712e+02 -4.622501635210244331e+02
4.966996338993910172e+02 -6.691292237891384502e+02
6.299407883487117488e+02 -5.455447255899811125e+02
3.333333333333333144e+02 -2.243456467447490778e-13
4.909902530309828421e+02 -9.449111825230711759e+01
6.405126152203483798e+02 -1.849000654084100859e+02
7.874259854358899702e+02 -2.727723627949908973e+02
4.909902530309828990e+02 9.449111825230644968e+01
6.666666666666666288e+02 -4.486912934894981556e-13
8.278327231656520553e+02 -9.558988911273458200e+01
6.405126152203487209e+02 1.849000654084092616e+02
8.278327231656522827e+02 9.558988911273348776e+01
7.874259854358900839e+02 2.727723627949897605e+02
1.666666666666667425e+02 2.886751345948127323e+02
3.273268353539888267e+02 3.779644730092270493e+02
4.803844614152616828e+02 4.622501635210239215e+02
6.299407883487123172e+02 5.455447255899804304e+02
1.636634176769944133e+02 4.724555912615339821e+02
3.333333333333334849e+02 5.773502691896254646e+02
4.966996338993917561e+02 6.691292237891382229e+02
1.601281538050872371e+02 6.471502289294339789e+02
3.311330892662611518e+02 7.647191129018724496e+02
1.574851970871781077e+02 8.183170883849712709e+02
